3.972058057785034
3.291246175765991
2.8710131645202637
2.4780778884887695
2.2188611030578613
1.9564557075500488
1.7418993711471558
1.5838285684585571
1.4239184856414795
1.2760796546936035
1.1516060829162598
1.076949954032898
1.0259712934494019
0.8931968212127686
0.8249865174293518
0.7490811347961426
0.6892703771591187
0.6473488211631775
0.5886645913124084
0.5569657683372498
0.5252785086631775
0.5031346678733826
0.46248164772987366
0.4360569715499878
0.40502089262008667
0.396158367395401
0.41404950618743896
0.3829082250595093
0.3712705373764038
0.3530324697494507
0.35476845502853394
0.3409421443939209
0.32938241958618164
0.2919241487979889
0.2931366264820099
0.2955303192138672
0.29576778411865234
0.2783496379852295
0.2746213972568512
0.24553605914115906
